310.1655
312.246
313.8705
314.2695
313.899
314.2695
314.184
314.2695
314.127
314.07
310.1655
314.2695
314.07
314.4405
314.3265
314.2695
314.127
314.2695
314.127
314.2695
314.469
314.4405
314.469
314.4405
314.3835
314.3265
314.3835
314.127
314.3835
314.3265
314.3835
314.4405
314.355
314.4405
314.3835
314.4405
314.412
314.3835
314.355
314.3835
314.412
314.469
314.526
316.2645
316.2645
317.7465
317.7465
317.7465
317.7465
317.7465
317.7465
317.7465
317.7465
317.604
317.604
316.2645
316.863
316.2645
316.863
316.2645
317.034
316.2645
316.863
316.2645
316.749
316.749
316.5495
316.464
316.464
316.122
316.122
315.609
315.609
316.5495
315.1245
315.1245
314.6685
314.469
314.3835
314.4405
314.2695
314.3835
314.469
314.754
315.723
315.723
315.609
315.609
315.267
315.2385
315.21
315.21
315.381
315.4665
315.4665
315.5235
315.4665
315.4665
315.5235
315.5235
315.5235
315.552
315.495
315.495
315.5235
315.5235
315.5235
315.8655
315.8655
315.8655
315.8655
315.8655
315.8655
316.065
316.065
316.065
316.065
316.122
316.122
316.122
316.122
317.148
316.1505
316.065
316.1505
316.065
316.122
316.122
